0
00
000
0000
00000
00001
000010
000011
0000100
0000101
00001010
00001011
000010100
000010101
0000101010
0000101011
00001010110
00001010111
000010101100
0000101011000
0000101011001
00001010110010
00001010110011
000010101100111
0000101011001110
00001010110011101
0000010101111
0000101011110
0000101011111
00001010111110
00001010111111
000010101111110
0000101011111101
00001010111111010
000010101111110100
0000101011111101000
0000101011111101001
00001010111111011
000010101111110111
001
0010
00100
001000
0010000
00100000
00100001
001000010
0010000100
0010000101
00100001010
00100001011
001000010110
001000010111
0010000101110
00100001011100
001001
0010011
00101
001011
0010110
00101100
00101101
001011010
0010110100
0010110101
00101101010
001011010100
001011010101
0010110101011
00101101010110
001011010101100
001011010101101
0010110101011000
00101101010110001
001011010101100011
0010110101011000111
00101101010110001111
001011010101100011110
0010110101011000111101
00101101010110001111010
001011010101100011110101
0011
00110
001100
0011000
0011001
00110010
00110011
001100100
001100101
0011001010
00110010101
001100101010
0011001010101
0011001010100
00110010101001
001100101010010
001100101010011
0011001010100110
0011001010100111
00110010101001100
001100101010011000
00111
001111
0011110
0011111
00111110
001111101
0011111010
00111110100
001111101000
0011111010000
00111110100001
001111101000010
0011111010000101
0001
00010
000100
0001000
00010001
000100011
000010010
0000100101
00001001011
000010010110
0000100101101
00001001011010
00001001011011
00011
000111
000101
0001010
0001011
00010110
000101100
0001011001
00010110011
000101100110
0010110010
00101100100
001011001000
0010110010000
00101100100001
001011001000011
0010110010000111
00101100100001110
001011001001
0010110010011
00101100100110
01
010
0100
0101
01000
010000
0100000
01000001
010000010
0100000100
01000001001
010000010010
010000010011
0100000100110
01000001001100
01000001001101
010000010011010
0100000100110100
01000001001101001
010000010011010010
0100000100110100101
01000001001101001010
010000010011010011
0100000100110100111
01000001001101001110
010000010011010011100
0100000100110100111000
0100000100110100111001
01000001001101001110011
010000010011010011100110
0100000100110100111001100
01000001001101001110011000
01000001001101001110011001
010001
0100011
01000111
010001110
0100011100
0100011101
01000111011
010001110111
011
0111
01110
011101
0111011
01110110
01110111
011101110
0111011100
01110111001
011101110010
0111011100100
011101111
0111011110
0111011111
01110111110
011101111100
0111011111000
01110111110000
01110111110001
011101111100010
0111011111000101
01110111110001011
011101111100010110
0111011111000101100
01110111110001011001
011101111100010110010
0111011111000101101
01110111110001011010
01110111110000100
0111011111001
01110111110011
011101111100110
0111011111001100
01110111110011001
011101111100110011
0111011111001100111
01110111110011001110
011101111100110011100
0111011111001100111000
01110111110011001110000
011101111100110011100001
01110111110011001110001
011101111100110011100011
0111011111001100111000110
01110111110011001110001101
011101111100110011100011010
0111011111001100111000110100
01110111110011001110001101001
011101111100110011100011010010
0111011111001100111000110100101
01110111111
01111
011110
0111100
01111000
1
10
100
1000
10000
100001
1000010
10000100
10000101
100001000
100001001
1000010010
10000100100
100001001000
1000010010001
10000100100011
100001001000111
1000010010001110
10000100100011101
100001001000111010
1000010010001111
100001001001
1000011
10000110
10000111
100001110
100001111
1000011110
10000111101
100001111010
100001111011
1000011110110
10000111101100
100001111011001
1000011110110011
10000111101100110
10000111101100111
100001111011001110
100001111011001111
10000111101101
100001111011010
1000011110110100
10000111101101001
1000011111
1001
10011
100110
1001100
10011000
100111
1001110
1001111
10011110
100111101
1001111010
10011110100
100111101000
1001111010001
10011110100010
10011111
101
1010
10100
101000
1010001
10100011
101000110
1010001100
10100011001
101000110011
1011
10110
101100
1011001
10110011
101100110
1011001101
10110011010
101100110100
1011001101000
10110011010001
101100110100010
1011001101000101
10110011010001010
10110011010001011
101100110100010110
1011001101000101100
10110011010001011001
1011001101000101101
101100101001
1011001011
101101
10111
101110
1011100
10111000
101110000
1011100000
10111000001
101110000010
1011100000101
10111000001011
101110000010110
1011100000101101
10111000001011010
101110000010110100
1011100000101101000
10111000001011010001
101110000010110100010
1011100000101101001
101110000010111
101110000011
1011100001
10111001
101110010
1011100100
1011100101
10111001010
101110010101
1011100101011
10111001010110
101110010101100
101110010101101
1011100101011010
10111001010110101
101110010101101010
101110010101101011
1011100101011010111
10111001010110101110
101110010101101011100
1011100101011010111000
10111001010110101110000
10111001010110101110001
101110010101101011100010
1011100101011010111000101
10111001010110101110001010
101110010101101011100010100
1011100101011010111000101001
10111001010110101110001010010
10111001010110101110001010011
101110010101101011100010100111
1011100101011010111000101001111
10111001010110101110001010011110
1011100101011010111000100
10111001010110101111
101110010101101011111
1011100101011010111110
1011100101011010111111
10111001010110101111110
101110010101101011111100
1011100101011010111111001
10111001010110101111110010
10111001010110101111110011
1011100101011011
11
110
1100
11000
110000
1100000
11000000
11000001
110000010
1100000101
11000001011
110000010110
1100000101101
11000001011010
110000010110100
1100000101101001
1100001
11000011
11001
110010
1100100
11001000
110010000
1100100000
11001000001
110010000010
110010000011
1100100000110
11001000001101
110010000011010
1100100000110100
11001000001101001
110010000011010011
1100100000110100110
1100100000110100111
11001000001101001110
1100100000110100111000
1100100000110100111001
11001000001101001110011
110010000011010011100110
1100100000110100111001100
11001000001101001110011000
110010000011010011100110000
1100100000110100111001100001
11001000001101001110011000011
110010000011010011100110000110
110010000011010011100110000111
1100100000110100111001100001110
11001000001101001110011000011101
110010000011010011100110000011010
11001000001101001111
110010000011010011110
1100100000110100111100
11001000001101001111000
110010000011010011110000
1100100000110100111100000
1100100000110100111100001
11001000001101001111000010
110010000011011
1100100000110110
11001000001101101
110010000011011010
1100100000110110100
11001000001101101000
11001000001101101001
110010000011011010010
1100100000110110100100
1100100000110110100101
11001000001101101001011
110010000011011010010110
1101
11011
110110
110111
1101110
11011100
110111001
1101110010
11011100101
110111001010
110111001011
1101111
11011110
110111100
11011111
110111110
1101111100
11011111000
11011111001
110111110010
1101111100100
11011111001001
110111110010010
1101111100100100
11011111001001001
110111110010010010
110111110010010011
1101111100100100110
11011111001001001101
1101111100100100110101
110111110010010011011
1101111100100100110111
11011111001001001101110
110111110010010011011100
1101111100100100110111001
11011111001001001101110010
110111110010010011011100101
1101111100100100110111001011
11011111001001001101110010111
110111110010010011011100101111
1101111100100100110111001011110
11011111001001001101110010111100
11011111001001001101110010111101
110111110010010011011100101111010
